version https://git-lfs.github.com/spec/v1
oid sha256:f0674ac50c415b9d8c4b1211f7deb6236abf9033121f6fa3f85dd34f4fcdfd88
size 168
